inst/extdata/Alberta.asc
NCOLS 214 
NROWS 204 
XLLCORNER -120.35 
YLLCORNER 50.15 
CELLSIZE 0.05 
NODATA_value -3.4e+38 
[rows 63 to 83 of 204, columns 48 to 95 of 214]
647.249999999994 643.749999999995 650.749999999992 629.499999999997 672.500000000001 610.250000000024 533.750000000019 515.49999999999 494.999999999999 465 464.249999999994 372.999999999955 442.750000000001 444.250000000001 443.000000000001 437.250000000002 397.750000000009 436.75000000001 433.5 447.500000000002 452 455.5 466.000000000005 484.250000000003 495.250000000002 503.75 518.749999999998 538.250000000004 576.000000000014 587.250000000006 594.75 590.750000000003 587.75 577.249999999999 573.25 572 573.999999999997 628.500000000001 667.249999999996 674.250000000004 710.999999999997 787.25000000001 763.750000000014 802.249999999998 817.250000000003 797.500000000011 698.750000000019 592.74999999999
661.000000000008 639.750000000007 579 597.749999999997 611.999999999997 583 520.500000000005 495.000000000001 429.250000000007 405.499999999996 457.25 440.749999999978 451.749999999998 380.999999999974 344.250000000057 372.750000000031 429.500000000002 445.749999999995 447.750000000002 458.250000000004 477.5 497 515.000000000004 521.500000000003 529.750000000004 543.000000000002 573.999999999997 584.250000000006 647.250000000005 631.250000000001 622.250000000004 613.750000000005 600.000000000001 613.000000000003 612.000000000008 576.5 616.500000000005 643.000000000004 672.500000000002 721.50000000001 787.750000000006 780.249999999988 808.25 789.000000000003 745.000000000022 722.499999999972 641.250000000011 577.749999999996
640.250000000002 635.75 643.249999999999 586.25 549.25 514.999999999996 502.500000000003 483.249999999998 472.75 463.25 411.249999999974 459.25 457.249999999999 430.75 400.25 305.000000000011 451.999999999994 466.250000000001 485.75 500.5 516.999999999999 532.249999999999 539.750000000001 551.75 587.75 623.999999999999 634.249999999986 660.250000000004 701 694 709.999999999998 676.750000000007 646.499999999996 669 643.25 601.999999999996 647.499999999994 678.750000000001 700.75 747.75 813.999999999999 787.250000000005 774.50000000001 790.25 761.5 689.750000000009 618.750000000012 570.249999999997
692.750000000003 653.749999999997 621.499999999995 584.249999999999 538.500000000001 510.250000000002 494.750000000001 474.249999999997 462.5 415.00000000001 462 462 454.249999999996 435.499999999998 299.000000000004 458.249999999999 461.500000000005 481.500000000007 503.250000000002 522.500000000002 530.500000000001 537.25 556.25000000001 613.000000000004 665.749999999998 654.250000000005 661.249999999999 687.500000000003 702.5 703.249999999998 705.499999999991 680.000000000006 678.750000000012 732.25 714.500000000001 698.500000000018 653.00000000002 686.750000000015 730.750000000005 794.249999999999 791.500000000002 784.250000000001 781.499999999997 767.749999999993 719.249999999999 641.500000000003 600.250000000003 567.249999999995
679.249999999999 644.250000000004 602.249999999991 582.249999999998 535.249999999997 502.750000000002 476.749999999997 470.000000000001 441.25 472 472 472 460.000000000006 474.500000000001 303.249999999993 467.749999999998 477.25 508.75000000001 534.750000000003 562.250000000002 579.500000000009 581.750000000008 604.000000000012 650.000000000003 718.999999999998 730.75 703.5 676.249999999998 674.499999999997 688.499999999998 694.249999999999 715.999999999997 736.000000000002 730.750000000002 761.750000000001 753.500000000005 706.750000000008 740.000000000016 772.00000000001 780.25000000001 755 759.5 761.75 776.250000000007 762.750000000003 699.250000000012 600.250000000007 568.999999999998
585.24999999998 593.500000000002 572.249999999998 559 531.25 498.500000000001 452.999999999993 465.000000000007 472 472 472 472 474.5 445.499999999986 376.999999999977 461.749999999989 500.499999999997 542.750000000011 545.500000000001 598.000000000001 642.750000000005 630.499999999991 642.249999999997 637.749999999998 669.749999999994 689.999999999997 671.749999999999 662.249999999998 664.250000000001 676.749999999999 693.25 678.249999999995 702.250000000005 722.250000000008 728.25 741.749999999993 757.750000000004 751.999999999987 748.249999999987 757.999999999994 762.499999999999 791.000000000003 780.750000000015 778.75 773.500000000004 707.250000000013 605.250000000008 568.499999999995
601.999999999994 599 564.250000000039 532.000000000017 529.50000000001 506.000000000003 484.250000000004 472.999999999999 472 473.25 442.750000000021 473.499999999997 389.24999999992 304.750000000013 469.750000000001 473.499999999997 503.749999999998 547.500000000002 565.25 603.249999999997 614.749999999994 605.249999999997 619.000000000003 631.5 641.750000000001 645.249999999998 648.249999999998 663.000000000007 670.000000000003 667.500000000001 694.250000000007 733.749999999999 763.000000000002 769.749999999996 749.500000000003 778.75000000001 745.500000000006 760.250000000003 756.500000000005 776.000000000005 795.500000000003 777 795.999999999994 806.749999999993 805.999999999997 711.500000000013 613.500000000009 570.749999999998
654 621.750000000008 589.749999999987 600.5 582.25 532.000000000006 499.500000000001 474.499999999999 472 472 471.249999999999 472.999999999998 358.499999999991 339 456.75 499.249999999994 502.25 536.750000000004 564.5 580.5 595.75 604.999999999999 617.000000000002 619.25 623.5 632.249999999999 656.249999999994 683.750000000001 693.75 698 696 711.999999999997 740.250000000006 731.75 714.5 736.249999999998 772.49999999999 783.999999999999 767 766.75 767.000000000003 725.750000000008 703.249999999999 704.25 710.75 638.500000000006 593.50000000001 565.999999999997
651.000000000007 654.499999999999 636.500000000017 650.500000000004 626.750000000001 601.249999999987 579.500000000005 521.249999999998 493.25 484.250000000001 476.5 476.000000000004 482.250000000012 330.500000000012 496.499999999996 501.999999999997 501.749999999999 531.750000000001 557.499999999998 575.249999999997 586.749999999999 595.75 602.749999999997 606.000000000003 619.499999999999 647.749999999998 647.999999999998 664.000000000002 672.749999999999 686.75 683 696 698.000000000001 688.749999999997 689.25 690.999999999999 693.499999999994 698.249999999998 699.249999999998 710.249999999996 715.749999999997 734.75 757.749999999998 717.750000000005 670.75 625.750000000007 600.500000000008 563.499999999997
691.249999999997 703 674.749999999992 650.999999999999 631.750000000005 630.25 604.500000000001 579.249999999995 529.000000000004 501.500000000001 501.25 497.499999999999 504.500000000002 462.500000000031 373.499999999929 302.250000000004 502.500000000001 524.000000000005 538.999999999999 560.999999999999 570.999999999995 587.249999999998 589.000000000007 630.750000000004 642.000000000001 655.999999999999 659.999999999997 660.000000000003 663.999999999997 672.999999999999 673.749999999999 685.749999999999 676.499999999991 672.000000000003 682.750000000003 685.5 686.75 687.250000000003 698.25 700.75 728.749999999999 726.250000000004 736.749999999992 698.249999999996 661.249999999997 629.750000000006 598.250000000006 572.249999999997
717.250000000024 698.250000000001 661.250000000011 658.250000000003 658.000000000003 650.249999999999 632.000000000003 589.750000000003 583.500000000003 558.000000000007 595.999999999989 581.500000000003 516.749999999995 502 444.750000000029 360.499999999913 467.500000000061 495.000000000032 523.750000000003 542.500000000001 561.499999999997 580.999999999997 605.500000000003 641.75 644.749999999998 638.249999999996 642.499999999997 650.750000000005 665.500000000001 671.25 671.999999999998 650.499999999998 686.999999999997 685.5 692.499999999997 702.749999999997 715.5 714.749999999999 707.750000000005 726.999999999999 726.249999999997 722.749999999997 704.499999999995 674.499999999999 640.249999999999 620.750000000004 594.250000000001 567.749999999995
695.000000000004 676.750000000003 663.499999999994 655.25 658.750000000002 658.000000000008 644.250000000005 625.75 620.75 615.5 572.500000000011 600.999999999999 558.749999999992 515.250000000004 486.74999999999 503.75 336.750000000005 473.000000000005 523.249999999998 536.749999999999 559.749999999996 577.499999999998 604.750000000002 624.499999999997 609.249999999998 623.75 637.249999999999 648.250000000001 636.250000000002 633.249999999993 638.999999999995 644.750000000001 670.750000000001 662.75 678.5 692.249999999998 706.249999999998 706.749999999998 704.249999999999 687.499999999995 673.499999999997 667.999999999996 651.249999999992 634.499999999997 611.749999999998 601.750000000001 585.500000000003 565.999999999998
667.750000000004 657.250000000001 648.749999999996 630.25 680.5 663.250000000004 639.000000000006 641.5 624.25 621 597.250000000005 594 563.749999999995 529.5 461 517.5 370.500000000005 374.750000000087 508 535 562.249999999998 578.999999999998 597.000000000002 593.25 587.75 596.999999999998 612.499999999995 632.999999999997 627.75 611.25 617.499999999987 643.999999999998 648.999999999998 652 664 639.500000000002 632.249999999996 645.499999999992 655.75 657.75 652.25 632.999999999999 636.000000000003 607.5 601.75 585.750000000002 574.750000000002 556.749999999997
655 632.499999999994 624.75 624.999999999999 628.999999999996 633.749999999994 625.999999999996 626.499999999998 621.499999999999 618.5 597.250000000001 593.250000000001 571.749999999998 546.750000000009 533 533 477.750000000033 457.000000000013 505.499999999998 525.25000000001 535.749999999975 571.249999999995 569.249999999988 556.749999999995 555.75000000002 572.499999999997 567.499999999992 592.24999999999 581.249999999998 587.499999999996 583.749999999993 603.749999999997 616.499999999993 617.999999999995 609.749999999995 601.249999999996 595.250000000001 599.249999999997 609.999999999995 624.749999999988 600.749999999992 602.249999999997 591.999999999999 599.249999999996 604.749999999996 579 562.750000000002 554.499999999999
655.500000000001 655.499999999995 653.250000000003 655.500000000003 644.750000000003 636.250000000005 624 623.250000000001 615.499999999996 583.500000000035 624.500000000004 620.250000000007 598.5 580.499999999999 533 501.000000000004 408.50000000004 507.000000000002 506.75 575.500000000003 581.500000000004 562.250000000001 580.000000000002 606.000000000003 618.000000000002 625.250000000001 624.999999999998 636.500000000003 615.500000000004 603.749999999999 569.750000000001 578.249999999998 591.000000000002 590.000000000003 588.499999999997 587.499999999998 589.5 587.250000000002 583.000000000002 591.250000000002 598.749999999999 598.250000000004 587.249999999996 573.749999999999 576.749999999998 571.749999999999 568.499999999999 552.000000000003
670.250000000003 699.999999999999 781.750000000016 745.000000000011 728.500000000005 688.250000000002 652.250000000008 638.999999999993 626.500000000002 630.250000000004 657.249999999996 653.750000000004 642.749999999996 559.25 499.750000000001 431.750000000063 420.249999999985 444.249999999932 556.000000000003 586.249999999999 595.499999999998 604.750000000001 602.750000000006 622.000000000001 622.75 636.249999999997 647.500000000003 636.249999999999 615.5 603.000000000005 571.500000000011 566.249999999996 595.749999999999 582.749999999999 575 569.500000000001 565.5 571.250000000001 577.499999999998 586.249999999996 578.249999999998 581.499999999999 568.749999999996 564.999999999999 562.500000000001 559 555.749999999998 544.25
754.500000000001 766.749999999978 788.249999999991 723.999999999997 692.249999999999 681.500000000003 660.000000000006 652 640.500000000001 639.250000000002 641.000000000002 655 644.999999999997 538.749999999994 498.500000000001 321 533 532.500000000022 563.5 586.500000000001 600.000000000001 603.999999999996 622.750000000004 629.999999999999 649.750000000003 673.249999999999 677.5 672.000000000001 673.250000000005 640.750000000003 632.750000000008 622.000000000005 614.250000000005 607.250000000004 603.250000000004 584.000000000005 574.750000000002 565.250000000003 553 553 553 553.499999999999 557.499999999996 553.499999999996 551.750000000002 560.000000000003 544.999999999999 540.749999999999
708.499999999996 703.250000000004 686.499999999999 681 666.5 655.749999999999 655 654.750000000001 648.5 637 626.749999999993 651.000000000007 584.249999999989 346.25 495.5 475.749999999942 532.999999999997 563.750000000001 590.25 604.75 618.749999999999 626.499999999999 631.500000000001 648 671.75 674.750000000001 661.75 664.750000000002 678.75 699 708.499999999999 671.250000000005 676.750000000005 666.5 645 631.750000000001 620.000000000001 605.749999999995 590.75 596.5 584.500000000004 569.999999999999 569.25 569.5 548.75 546.75 549.499999999998 550.499999999997
676.750000000003 666.249999999997 660.499999999996 656.499999999999 652.749999999999 652.999999999999 651.75 650.25 626.250000000001 619.499999999996 602.5 562.000000000005 494.749999999954 344.250000000013 532.250000000001 534.75 549 564 592.000000000002 614 623.499999999999 631.000000000002 644.000000000003 667.75 672.749999999999 668.999999999997 676.499999999995 694.000000000003 724.000000000003 727.749999999996 723.999999999995 708 702.250000000002 723.250000000001 719.750000000011 686.000000000009 671.25 663.499999999996 663.249999999994 646.499999999995 611.750000000003 635.75000000001 621.250000000007 591.250000000007 576.500000000002 572.500000000003 562.000000000003 557.250000000008
655.25 657.250000000003 654.5 652 652 652.25 643.5 627.750000000004 600.749999999994 566.249999999999 555.500000000003 509.250000000024 427.250000000038 392.000000000003 525 529.74999999999 564.25 587.500000000003 619.249999999996 615.499999999999 627.25 640.5 659.750000000007 653.999999999999 646.5 664.249999999994 683.500000000006 672.750000000001 677.499999999995 695.249999999999 695.750000000003 699.5 701.499999999999 698.249999999999 704.999999999998 712.500000000003 718.499999999994 716.249999999998 697.750000000004 689.75000000001 680.249999999998 699.5 666.999999999992 645.000000000006 668.250000000002 684.500000000014 661.500000000006 669.249999999997
657.249999999998 655.25 655 654.25 649.749999999999 637.250000000002 604.749999999997 583.499999999993 556.5 547.999999999997 419.999999999996 337.5 363.000000000058 544.249999999997 541.500000000014 561.250000000001 568.499999999999 592.750000000002 619.75 626.250000000002 636.499999999996 647.5 642.499999999997 651.5 687.250000000002 718 727.750000000003 723.750000000005 719.000000000001 694.000000000002 686.749999999999 693.999999999998 699.499999999999 692.999999999999 692.249999999999 699.749999999998 700.749999999997 695.750000000004 701 714.999999999989 695.500000000005 694.999999999997 677.250000000001 687 670 682.499999999993 684 678.750000000001
