inst/extdata/Alberta.asc
NCOLS 214 
NROWS 204 
XLLCORNER -120.35 
YLLCORNER 50.15 
CELLSIZE 0.05 
NODATA_value -3.4e+38 
[rows 63 to 83 of 204, columns 0 to 47 of 214]
770 772.5 781.500000000001 785.750000000001 787.25 787.5 786.749999999999 782.5 771.75 766.5 765.249999999999 762 760.749999999999 763.25 765.750000000001 727.749999999994 711.749999999993 709.500000000005 734.500000000005 724.500000000008 781.75000000001 915.000000000002 921.250000000001 932.999999999998 928.999999999999 938.749999999997 937.999999999992 936.249999999995 1011.75 958.749999999991 898 942.749999999973 957.249999999989 976.250000000001 952.999999999991 892.250000000024 894.000000000019 869.250000000014 798.500000000008 738.000000000004 728.750000000001 705.750000000006 685.499999999987 730.749999999999 736.750000000002 703.249999999999 691.749999999993 661.249999999995
767 772 780.25 805.999999999998 806.749999999999 797.499999999996 772.999999999999 770.749999999999 762.5 760.499999999999 753.499999999997 758.5 757.75 760.5 761.250000000001 753.000000000021 774.000000000007 801.000000000007 842.250000000018 925.749999999995 1052.75000000001 936.500000000009 913.75 918.249999999999 919 915.499999999999 914.5 909.999999999991 945.499999999985 870.00000000003 838.499999999997 825.999999999996 806.499999999992 854.749999999986 909.000000000007 884.249999999992 811.99999999999 788.249999999991 777.749999999987 808.749999999984 825.750000000001 733.500000000001 703.500000000005 680.000000000002 690.250000000002 717.500000000016 684.000000000013 692.750000000008
764.500000000001 766.5 766.75 778.25 784.249999999999 780.249999999996 764.75 763 751 737.750000000001 727.499999999999 763 762 762 762 769.000000000008 879.25 931.25 980.25 1068.25 1067.5 957.75 916 926.75 917.250000000001 907.499999999993 876.75 853.5 865.5 846.750000000004 789.99999999999 814.5 759.5 749 781.999999999997 795.250000000005 863.75 870 780.250000000012 735.749999999999 738.000000000001 772 759 737.249999999989 748.749999999999 751.749999999995 731.25 689.75
752.749999999998 751 757.000000000001 760.500000000001 761.250000000001 764.000000000006 754.499999999997 751.999999999999 743.25 722.750000000001 721.000000000004 764.250000000002 740.250000000011 719.249999999999 836.999999999989 918.250000000004 817.250000000028 889.000000000011 952.499999999999 956.499999999989 915.749999999994 922.499999999993 915.75 842.500000000002 779.999999999984 780.749999999981 752.24999999999 795.749999999989 780.249999999995 769.749999999996 765.750000000003 758.999999999998 773.999999999986 747.749999999989 707.999999999986 669.000000000004 745.250000000007 731.500000000001 733.000000000006 699.000000000001 687.499999999998 697.999999999999 714.499999999999 685.500000000013 681.499999999994 678.499999999997 736.249999999994 752.749999999992
746 752.75 762 762 751.250000000001 734.749999999998 739.749999999997 737.25 737.250000000016 760.000000000001 764.750000000001 766.250000000001 820.000000000003 827.250000000002 883.249999999997 957.500000000018 1044.25 1012.25 985.499999999999 999.749999999971 956.99999999998 938.249999999985 832.999999999996 803.75 759.500000000006 762.749999999998 825.750000000012 762.250000000005 749.000000000004 742.750000000005 739.750000000005 737.750000000002 734.000000000001 728.500000000001 717.000000000002 707.749999999997 667.5 712.249999999995 732.249999999998 727.000000000011 682.249999999998 724.250000000001 731.749999999999 707.250000000002 652.249999999999 646.999999999995 661.999999999995 704.000000000001
730.499999999996 734.749999999999 733.749999999999 731.499999999999 732.749999999998 740.000000000002 741.250000000002 750.250000000002 758.500000000003 764.499999999994 789.750000000003 809.000000000003 833.250000000004 867.750000000005 900.750000000008 988.249999999992 966.749999999995 960.499999999993 929.999999999997 903.499999999976 855.499999999982 819.250000000013 830.000000000017 841.000000000014 871.499999999994 774.750000000004 835.750000000012 959.75 844.000000000004 817.750000000045 762.749999999999 761.000000000001 763.000000000001 739 726.75 721.75 699.75 670.75 634.249999999994 645.749999999999 644.499999999991 662.999999999985 647.749999999981 614.749999999994 603.249999999994 593.749999999985 594.999999999988 587.999999999992
730.250000000004 733.500000000002 745.750000000001 749.250000000002 754.500000000001 756.500000000001 758.000000000002 766.750000000001 772.750000000001 803.749999999994 784.000000000027 801.750000000007 808.750000000014 876.250000000011 907.250000000009 863.250000000032 909.000000000007 925.75000000001 930.000000000011 906.99999999999 962.000000000009 952.750000000007 961.000000000012 1001.25 874.000000000031 842.50000000002 922.749999999999 998.5 874.500000000008 867.750000000013 846.250000000006 918.000000000018 894.000000000013 782.250000000008 800.999999999988 778.249999999989 727.250000000001 713.250000000007 703.250000000003 697.000000000004 673.5 668.500000000005 664.750000000008 645.25 644.250000000002 645.250000000001 640.000000000002 623.500000000005
737.000000000001 738.5 748.25 756.25 762.749999999999 773.250000000001 774.5 781.75 835.75 877.750000000001 864.499999999988 866.25 915.25 959.75 990.749999999998 1006 1032.5 1036 997.25 1019.49999999999 1028.99999999999 1014.5 980.75 909 856.749999999991 968.500000000004 1006.75 999.25 965 945.00000000002 908.999999999999 922.75 930.25 899.25 850.000000000001 841.750000000008 766.75 729 711.75 701.500000000001 687.999999999996 673.25 669 676.500000000001 667 676.500000000001 672.5 657.75
731.25 736.25 739 744.5 749.25 756.750000000004 763.750000000003 797.749999999999 856.999999999997 914.000000000004 931.500000000018 975.500000000005 971.749999999992 1003.00000000002 1051.24999999998 1087.25 1061 1048 1039.25 1034.5 1007.25 948.749999999981 900.749999999993 921.500000000016 892.250000000003 988.250000000002 1019.25 1019.25 999.750000000002 998.500000000011 985.749999999995 960.999999999986 940.499999999995 913.749999999998 876.749999999983 822.249999999999 787.249999999999 806.999999999991 770.750000000021 732.000000000019 717.250000000001 703.5 700.000000000001 705.750000000007 708.750000000002 702.999999999997 674.000000000001 666.250000000001
725 739.25 747.500000000001 751.500000000001 755.249999999998 769.750000000005 807.750000000002 902.750000000009 931.000000000006 1001 1061.00000000001 1043.25000000001 1057.25 1044.75 1079 1082.5 1072.75 1073 1051.5 1037.25 1022.75 988.999999999977 998.250000000006 1007.25 942.999999999997 1007.25 1011 1009 988.500000000001 973.250000000004 932.499999999972 875.250000000005 866.750000000012 848 822.750000000001 819.249999999992 790.249999999996 766.000000000006 750.749999999992 760.750000000002 825.24999999999 787.500000000026 752.250000000008 833.000000000004 780.000000000025 734.249999999997 693.750000000003 688.500000000002
718.500000000002 744.250000000001 754.500000000001 778.500000000006 795.500000000009 807.750000000013 871.500000000003 1010.5 1037.99999999998 1092 1063.25 980.999999999973 937.249999999984 980.999999999953 999.999999999973 1019.74999999999 1059 1064.24999999999 1052.5 1038 1036 1032.25 1017.99999999999 996.500000000004 1019 1010.25 1008 1007 981.999999999993 952.250000000001 906.999999999991 888.999999999995 878.250000000006 842.749999999993 831.499999999992 818.249999999993 787.999999999994 767.750000000005 768.500000000005 722.000000000005 752.499999999996 781.999999999991 802.249999999994 857.500000000015 784.749999999997 823.249999999972 750.000000000012 707.000000000004
715 731.749999999999 768.750000000001 800.500000000003 847.999999999996 889.500000000008 935.249999999997 927.749999999988 894.749999999991 936.74999999997 886.249999999982 808.999999999993 775.99999999999 773.74999999999 902.250000000009 777.499999999983 758.499999999977 836.499999999986 1038.75 1003.99999999994 993.249999999956 979.999999999989 981.499999999965 965.499999999984 913.249999999958 940.499999999967 919.999999999984 965.499999999992 900.249999999956 937.250000000015 865.499999999977 773.499999999982 869.74999999997 876.499999999989 869.749999999992 834.249999999982 826.499999999985 787.249999999991 757.499999999996 727.500000000002 710.750000000003 727.999999999998 726.499999999998 754.249999999988 746 745.000000000001 763.249999999997 729.499999999989
738.500000000004 754.75 787.25 822.75 869.750000000012 893.000000000014 914 908.25 876.25 773.000000000021 821.000000000007 831 742 746.25 766.750000000009 711.999999999987 688.25 723.75 844.75 834.999999999998 749.249999999995 715.75 706.25 705.5 708.000000000007 705.749999999999 740 716.5 707 698.250000000003 699.750000000001 703.75 793.5 785 866.750000000002 849.249999999999 876.25 854.5 795.500000000014 744.250000000002 726.999999999993 711.75 686.25 704.749999999999 708.000000000007 700.000000000003 702 675.5
753.000000000002 759.750000000002 777.999999999999 796.249999999995 814.749999999993 863.000000000008 899.249999999987 850.750000000004 786.999999999994 760 717.749999999993 730.74999999999 762.999999999999 734.250000000004 644.999999999997 712.499999999994 684.999999999999 729.249999999992 699.750000000001 661.999999999997 696.000000000006 665.499999999998 665.999999999999 663.499999999997 662.499999999997 661.749999999997 661.499999999997 662.999999999998 664.999999999999 683.000000000001 676.499999999994 670.000000000002 698.750000000001 771.999999999991 828.74999999997 892.499999999996 908.500000000002 883.499999999993 838.500000000003 866.750000000022 834.249999999982 805.000000000045 723.250000000004 705.500000000005 679.25000000001 659.750000000003 656.750000000001 656.000000000001
773.750000000002 759.249999999999 747.249999999995 738.999999999995 751.499999999998 776.499999999997 800.749999999993 795.499999999992 771.999999999995 764.249999999998 716.24999999998 691.999999999994 675.749999999996 646.249999999994 636.250000000025 663.750000000011 620.250000000035 647.749999999998 700.249999999991 644.750000000007 625.749999999992 624.749999999993 598.749999999981 618.249999999982 637.249999999996 641.500000000003 645.5 649.25 651.75 652.999999999999 658.250000000001 667.000000000002 693 701.749999999999 707.999999999993 741.749999999987 738.499999999999 813.000000000012 812.250000000005 785.250000000005 753.999999999994 733.250000000002 850.249999999999 796.750000000017 788.000000000036 714.250000000012 676.000000000003 680.000000000002
767.499999999994 743.749999999999 719.499999999999 705.749999999999 758.249999999986 776.750000000003 758.250000000002 745.499999999999 721.999999999998 696.000000000008 695.750000000004 709.750000000004 714.499999999999 682.749999999983 664.749999999973 650.249999999992 630.249999999994 564.000000000013 575.999999999977 597.500000000013 622.000000000008 638.500000000003 641.250000000001 641.000000000001 634.250000000005 626.750000000002 628.250000000001 639.499999999997 644.249999999999 654.5 665.500000000004 678.500000000001 689.75 696.749999999999 693.750000000001 725.250000000006 833.25000000003 834.749999999988 808.999999999986 758.000000000003 735.500000000001 710.750000000001 820.499999999986 852.250000000029 826.500000000005 720.750000000001 766.500000000009 697.749999999998
745.999999999985 734.249999999997 700.249999999999 706.250000000002 740.5 746.999999999997 747.999999999998 741.249999999999 735.750000000001 736.750000000004 715.749999999984 683.249999999989 651.75 528.999999999972 516.499999999999 543.500000000049 550.000000000025 604.500000000009 635.250000000002 645.250000000003 649.000000000002 653.250000000001 655 658 669.999999999997 684 685.250000000003 655.75 658.249999999999 661.999999999997 671.75 674.499999999999 669.5 687.75 744.250000000001 785.500000000013 875.500000000019 832.000000000009 779.000000000015 737.999999999999 716.249999999987 704.74999999999 747.000000000004 848.000000000007 846.999999999982 855.249999999988 826 795.250000000009
762 774.75 717.75 671.25 668.749999999997 726.000000000003 746 736.25 736 718.000000000003 712.999999999999 700.25 622 580 606.249999999988 632.000000000005 642.75 646.25 647.75 649 647.999999999999 623.75 560.25 498.5 502.249999999974 630.75 644 644.75 650.25 637.999999999991 632.250000000013 666.25 674.25 679 709.249999999988 706.500000000005 747.5 769 746.500000000004 747.750000000018 704.249999999997 677 691.25 770.749999999997 768.999999999993 776.000000000003 762.75 734.75
697.999999999996 689.499999999989 705.499999999997 654.250000000005 737.249999999995 749.249999999998 746 732.5 717.249999999993 702.499999999999 679.999999999992 649.749999999996 555.749999999955 586.500000000009 632.500000000009 642.5 643.5 642.749999999999 621.749999999993 622.25 525.749999999917 433.000000000053 669.750000000039 702.749999999997 655.500000000022 407.250000000016 429.999999999942 370.249999999991 638.999999999997 490.750000000002 644.750000000003 663.5 668.5 669 669.749999999994 670.000000000002 683.749999999993 724.499999999996 694.499999999997 672.250000000001 676.500000000005 677.000000000006 697.500000000001 711.749999999998 705.000000000001 697.749999999997 695.249999999994 693.749999999997
743.999999999973 680.000000000001 606.749999999989 703.999999999995 692.999999999993 686.499999999989 679.499999999985 660.499999999995 656.749999999997 654.999999999998 647.499999999996 641.749999999998 621.499999999998 455.749999999996 618.749999999995 617.74999999999 478.749999999927 461.500000000022 453.000000000054 636.000000000005 675.750000000001 671.749999999999 664.750000000007 649.250000000019 690.499999999994 703.250000000004 668.75 413.499999999976 586.000000000019 617.500000000006 637.999999999998 643.499999999999 647.999999999999 650.249999999995 663.999999999997 665 665.25 663 668.749999999999 674.75 699.000000000009 707.000000000006 680.749999999999 660.75 657.999999999999 656.000000000003 661.000000000007 668.250000000001
654.5 652.000000000003 646.749999999994 620.000000000004 528.999999999929 626.249999999986 647.25 626.249999999988 615.749999999996 595.250000000041 567.49999999993 401.249999999992 422.49999999999 482.249999999944 414.500000000002 508.750000000034 600.499999999983 641.000000000003 651.250000000002 676.249999999995 696.250000000008 703.5 693.999999999999 676.500000000002 678.749999999999 703.750000000001 711.500000000003 653.500000000009 616.249999999999 624.500000000001 623.499999999998 618.999999999997 615.250000000001 642.499999999999 649.499999999995 656.999999999991 656.999999999998 659.249999999999 666.249999999996 679.499999999996 695.999999999996 696.750000000004 685.750000000002 678 668.250000000007 666.750000000007 674.999999999996 668.749999999999
