inst/extdata/Alberta.asc
NCOLS 214 
NROWS 204 
XLLCORNER -120.35 
YLLCORNER 50.15 
CELLSIZE 0.05 
NODATA_value -3.4e+38 
[rows 105 to 125 of 204, columns 0 to 47 of 214]
966.749999999966 963.250000000033 956.00000000001 981.249999999999 1017.75000000001 938.999999999958 858.999999999999 832.999999999994 832.749999999998 795.999999999988 747.999999999941 729.750000000016 726.750000000014 706.750000000007 714.500000000004 701.750000000006 696.500000000028 669.499999999996 665.749999999972 681.249999999998 692.000000000017 710.000000000024 690.500000000004 682.250000000003 644.749999999935 681.249999999999 665.249999999975 601.500000000137 602.999999999899 647.249999999995 605.749999999885 556.750000000132 538.250000000015 599.499999999891 544.99999999996 537.749999999967 601.499999999981 622.000000000014 629.250000000013 629.000000000014 603.749999999966 609.500000000017 597.250000000008 634.00000000001 635.750000000003 617.999999999998 583.250000000031 620.500000000015
1048.5 1003.25 1000.25 1011.5 903.000000000006 880.750000000016 873.5 850.5 821.000000000003 803.499999999998 795.749999999991 765.999999999999 734.999999999999 726.250000000003 727.000000000001 727.000000000007 731.250000000002 705.250000000004 683.749999999999 669.000000000002 610.749999999944 695.500000000005 677.999999999999 689.500000000001 686.250000000002 695.500000000003 709.249999999994 702.499999999995 673.250000000001 667.500000000002 658.250000000002 654.5 651.249999999997 648.749999999995 594.499999999995 632.5 606.249999999977 544.749999999995 574.999999999951 572.999999999965 646.5 654.750000000001 646.25 629.000000000012 635.499999999998 582.74999999999 613.750000000002 648
999.249999999998 983.749999999994 944.999999999995 919.250000000001 906.750000000003 911.499999999997 896.250000000004 882.250000000004 836.000000000003 857.250000000004 836.499999999996 798.250000000003 784.749999999995 736.249999999994 688.499999999989 654.99999999996 632.999999999991 631.250000000018 698.499999999995 713.000000000017 712.749999999998 685.500000000001 675.750000000002 701 747.500000000002 737.500000000001 689.750000000005 700.999999999997 677.000000000008 661.500000000001 666.500000000003 655.750000000001 655 618.499999999992 662.999999999997 623.249999999966 623.500000000006 638.999999999995 633.750000000003 640.749999999999 656.000000000003 701.249999999999 700.249999999999 670.500000000002 691.999999999996 625.750000000016 612.749999999992 640.999999999992
995.499999999998 976.000000000006 976.500000000007 950.750000000005 920.000000000007 914.750000000003 950.500000000008 951.250000000005 884.749999999998 854.500000000012 833.999999999997 782.999999999987 739.749999999976 634.249999999993 695.500000000025 719.250000000013 729.749999999996 672.750000000005 658.250000000011 689.749999999976 754.750000000002 736.500000000006 724.25000000001 786.250000000019 869.000000000015 748.749999999999 740.749999999997 765.750000000001 690.25000000001 670.499999999987 670.999999999996 659.999999999999 655 610.000000000002 624.999999999996 590.749999999974 666.250000000004 659.750000000006 660.500000000009 682.750000000001 709.250000000009 716.250000000003 701.250000000005 695.999999999991 713.000000000005 686.499999999982 641.500000000004 622.500000000004
1112.75000000001 1085.75000000001 1066.75000000001 1043.50000000001 1004.00000000001 949.999999999996 977.499999999992 1023 926.25000000001 893.500000000013 847.500000000013 840.75 790.999999999991 691.749999999961 711.749999999915 817.50000000002 735.500000000009 720.750000000011 703.250000000004 761.249999999979 869.500000000005 872.749999999997 876 851.500000000008 857.250000000016 748.999999999991 781.000000000031 725.250000000007 697.749999999994 681.000000000015 660.750000000004 645.000000000006 632.500000000016 682.249999999998 571.000000000011 644.500000000008 633.000000000005 692.499999999988 724.000000000026 712.499999999989 743.499999999997 723.750000000004 714.250000000003 737.499999999995 749.750000000001 641.749999999981 646.500000000006 721.750000000008
1201.5 1171.50000000002 1146.50000000002 1147.75000000002 1105.25000000002 1004.75 960.000000000018 983.99999999999 1009.75000000003 884.749999999874 842.000000000215 807.250000000077 854.00000000001 809.749999999999 720.500000000062 823.250000000048 889.000000000009 863.00000000004 807.750000000033 745.250000000022 765.500000000007 747.75000000001 778.999999999955 842.249999999974 892.500000000031 855.499999999979 840.250000000047 781.249999999989 867.250000000038 765.000000000006 702.500000000018 694.749999999994 694.250000000008 709.500000000028 648.750000000044 597.75 657.499999999973 724.000000000017 790.999999999979 767.250000000039 770.750000000039 747.750000000006 741.50000000001 748.75000000003 668.000000000013 691.000000000022 755.750000000008 794.249999999997
1254.49999999999 1229.75 1214.25 1196 1139.00000000001 1062.24999999999 1015.99999999999 992.000000000005 980.249999999994 831.749999999914 880.500000000067 965.750000000028 876.500000000002 862.250000000005 798.250000000013 758.250000000017 791.500000000004 832.999999999995 909.499999999989 960.500000000054 832.749999999995 786.249999999997 834.500000000005 914.250000000018 881.999999999996 900.500000000031 873.000000000004 770.250000000004 889.500000000003 772.750000000024 785.250000000031 783.250000000013 772.750000000002 775.250000000012 726.000000000004 689.499999999994 601.749999999997 663.749999999993 755.499999999986 779.499999999985 770.75000000001 817.750000000005 773.999999999986 721.750000000013 731.999999999994 784.750000000004 856.749999999999 788
1155.49999999994 1009.24999999998 1219.5 1271.5 1202.25000000001 1092.74999999994 909.749999999988 980.500000000012 802.250000000043 1047.50000000002 1038.75 1017.75000000002 1023.5 923.000000000033 823.499999999993 837.25000000002 802.500000000006 844.749999999989 885.500000000002 931.499999999956 970.500000000005 832.499999999998 829.000000000006 844.749999999992 986.249999999957 987.999999999991 878.250000000006 923.749999999993 928.499999999995 821.500000000002 810.000000000022 857.750000000003 878.250000000011 843.750000000001 883.250000000004 828.749999999987 692.999999999945 625.000000000013 725.499999999974 811.749999999984 794.250000000004 878.499999999997 815.749999999999 725.5 744.500000000007 819.00000000002 844.000000000003 778.000000000003
931.499999999972 971.500000000061 967.50000000007 881.750000000013 867.750000000027 1064.50000000009 1109.75000000003 1043.50000000002 1082.50000000002 905.750000000021 1059.50000000002 1070.74999999996 1038.75000000002 985.250000000066 825.000000000022 997.499999999986 948.500000000019 937.000000000017 957.250000000005 962.499999999962 1056.99999999998 932.249999999999 1002.99999999998 996.250000000032 998.000000000051 953.000000000001 1007.25000000001 977.25000000002 900.000000000012 933.999999999979 921.749999999985 901.750000000016 890.249999999984 819.74999999999 765.499999999999 756.50000000004 691.250000000045 839.750000000014 812.749999999999 790.750000000021 814.750000000009 852.499999999999 795.999999999996 784.499999999976 838.000000000011 887.250000000017 900.499999999989 895.000000000013
1132.25000000009 1204.75000000001 1205.74999999999 925.750000000004 1123.25000000004 1074.00000000001 1135.24999999999 1190.99999999998 1178.50000000001 950.999999999986 1213.00000000001 1061.24999999997 919.499999999995 1037.25000000002 951.499999999938 1051.50000000004 1220.49999999995 1170.24999999998 1039.99999999998 985.499999999991 1141.25000000002 1103.25000000002 1120.50000000001 1039.99999999997 1056.24999999994 1085.49999999996 1053.25 967.249999999991 978.25000000002 888.999999999986 929.249999999998 806.749999999996 770.749999999981 783.250000000011 802.749999999984 866.250000000017 870.500000000017 736.249999999996 880.24999999999 829.000000000014 879.500000000011 859.749999999989 804.250000000008 827.750000000005 842.499999999967 913.500000000003 885.249999999997 948.750000000013
1287.25000000004 1219.75 1110.50000000008 1157.49999999991 1227.25 1247.75000000001 1196.50000000003 1185.49999999999 1160.75000000002 1005.49999999995 985.499999999967 1227.75 984.000000000033 1042.24999999995 1242.50000000011 1293.75000000023 1335.99999999991 1291.50000000018 1302.25000000014 1220.25000000001 1183.25000000004 1114.9999999999 1112.75000000006 1103.24999999994 1117.24999999996 981.500000000036 993.499999999965 925.249999999955 939.999999999933 887.250000000038 865.249999999928 784.500000000051 881.50000000008 905.250000000016 929.999999999959 889.499999999944 798.749999999952 754.000000000064 816.249999999945 771.250000000141 775.749999999961 894.249999999983 921.749999999961 845.749999999995 849.999999999966 904.750000000019 901.750000000007 954.750000000007
1499.24999999998 1435.50000000003 1278.75000000003 1066.25 1220.74999999999 1331.25000000003 1336.00000000002 1249.50000000002 1294 1177.00000000001 985.249999999953 1143.25000000001 1079.75000000001 978.24999999998 1272.49999999982 1394.5 1435.75 1229.00000000003 1268.24999999997 1198.50000000004 1116.2500000001 1237.25000000005 992.500000000002 1080.75000000001 1145.24999999996 1012.24999999995 917.750000000012 884.499999999969 826.500000000009 940.500000000021 903.000000000019 873.500000000018 1012.00000000001 929.250000000018 855.250000000002 919.249999999996 869.000000000008 946.25 812.250000000045 864.25 918.999999999996 891.5 894.500000000009 880.00000000001 888.250000000014 869.500000000002 881.5 960.499999999987
1788.49999999998 1683.25 1410.24999999998 1207.25000000004 1306.75000000005 1346.50000000004 1523.25 1475.50000000003 1351.00000000001 1248.75000000004 1172.49999999997 994.999999999992 1226.75 1203.00000000001 1016.25 1147.75000000001 1296.00000000002 1359.50000000003 1420.25000000001 1336.00000000006 1313.24999999998 1161.75000000002 1077.25000000002 997.500000000006 940.250000000036 943.750000000046 992.500000000001 990.250000000001 961.749999999992 1070.50000000001 966.250000000003 943.000000000004 1032.75 1011.75000000002 949.750000000006 1015.75000000001 923.749999999987 821.24999999999 877.750000000005 926.500000000022 771.25000000004 937.00000000001 894.000000000001 928.000000000013 933.50000000003 953.999999999999 900.250000000008 872.749999999994
1284.75 1169.75000000001 1478.00000000009 1827.25 1669.75000000004 1580.99999999999 1396.25 1378.74999999999 1406.74999999997 1350 1025.24999999986 1087.25000000002 1254.49999999999 1109.74999999995 1184.7499999999 1335.75000000001 1204.24999999997 1366.25000000002 1427.99999999999 1429.50000000001 1410.25 1367.50000000001 1221.25000000001 1205.75000000003 1196.50000000001 1037.24999999996 1159.00000000003 1181.50000000002 1167.75000000003 1142.25000000005 1109.00000000004 1032.75000000001 1069.25000000001 1014.75000000002 929.249999999991 861.999999999952 929.750000000038 1004 935.749999999985 780.500000000003 1000.00000000004 1059.50000000001 969.000000000015 993.500000000007 996.999999999999 955.250000000022 1009.00000000001 1008.25000000001
-3.4e+38 1661.50000000007 1542.49999999996 1538.74999999995 1640.4999999999 1429.24999999993 1254.74999999998 1164.74999999995 1115.99999999993 1114.75 1112.75000000003 1290.99999999993 1239.25000000002 1553.50000000003 1442.75000000005 1218.49999999999 1436.99999999998 1383.75 1583.75 1528.75000000001 1386.50000000002 1364.49999999998 1399.24999999998 1292.25 1274.25000000003 1280.49999999994 1316.5 1212.49999999999 1121.25 1141.75 1140.74999999999 1134.49999999999 1054.49999999997 1083.24999999999 960.250000000019 941.000000000027 1010.99999999998 826.749999999982 980.999999999973 973.24999999999 1138.75000000005 1149.25000000003 1052.75000000001 1002.25000000003 997.000000000014 1111.50000000002 1124.24999999998 1052.49999999999
-3.4e+38 1514.00000000001 1172.24999999998 1264.50000000037 1345.25000000004 1545.49999999976 1470.00000000016 1594.00000000048 1337.75000000014 1421.75000000011 1174.25000000005 1115.25000000009 1486.49999999982 1564.5000000001 1424.49999999999 1534.75000000009 1586.00000000001 1469.24999999989 1375.99999999999 1457.25 1496.50000000003 1348.00000000001 1192.99999999997 1262.49999999988 1265.99999999994 1144.49999999992 1157.49999999993 1233.25000000001 1126.50000000002 1185 1029.99999999996 1058.50000000004 958.250000000026 988.50000000004 988.500000000009 1082.50000000002 1029.50000000007 839.00000000006 1016.74999999988 1193.99999999989 1227.00000000008 1137.24999999995 1047.75000000006 1058.25000000002 1161.25000000002 1141.74999999992 1073.99999999998 1058.50000000004
-3.4e+38 -3.4e+38 1301.75000000003 1824.5 1903.00000000011 1602.25000000001 1597.49999999997 1917.49999999993 1908.99999999999 1223.75000000007 1422.50000000007 1484.49999999998 1285.50000000002 1461.24999999998 1580.49999999996 1456.24999999996 1311.00000000001 1198.49999999999 1388.99999999996 1273.49999999994 1215.00000000002 1117.24999999996 1085.00000000002 1214.75000000004 1164.00000000005 1158.25000000005 1109.25 1000.49999999996 1166.24999999999 1058.24999999992 930.500000000024 942.750000000007 1166.99999999997 1155.75000000001 1053.25000000003 1153.25000000007 1004.99999999998 989.500000000017 1228.24999999996 1284.25000000001 1193.99999999998 1083.75000000001 1210.75000000001 1251.50000000002 1229.49999999999 1222.25000000005 1223.5 1212.00000000001
-3.4e+38 -3.4e+38 -3.4e+38 1838 1915.24999999995 1822.24999999999 1579.49999999996 1624.00000000012 1933.99999999993 1384.50000000004 1507.50000000009 1493.25000000001 1527.25 1310.75000000001 1242.99999999997 1145.25 1208.25000000001 1509.50000000004 1378.50000000006 1342.00000000003 1195.5 1157.25 1388.75 1318.50000000001 1531.50000000003 1447.5 1262.50000000002 1171.75 1088.24999999998 1199.50000000001 1221.24999999991 982.500000000013 1136.99999999994 1184.24999999997 1214.75000000001 920.249999999894 922.250000000007 1138.49999999999 1236.49999999997 1200.00000000003 1111.25000000002 1209.75000000003 1318 1303.75000000001 1293.50000000001 1278.25000000001 1253.75 1203.74999999999
-3.4e+38 -3.4e+38 -3.4e+38 -3.4e+38 -3.4e+38 2052.75000000007 1926.49999999999 1867.00000000011 1501.00000000002 1796.75000000012 2181.25000000008 1965.75000000021 1737.75 1531.49999999986 1523.99999999999 1163.25000000005 1507.49999999999 1468.00000000016 1679.49999999993 1716.50000000011 1465.25 1194.24999999999 1437.5000000001 1503.74999999997 1454.74999999989 1362.74999999999 1349.74999999987 1336.2499999999 1225.74999999987 1188.50000000011 1279.00000000001 1296.75000000001 1272.50000000006 1029.74999999987 1013.50000000008 1269.50000000003 1020.75000000004 1305.75 1213.75 1214.50000000002 1239.75000000002 1286.25000000002 1327.24999999999 1315.24999999998 1345.25 1333.25000000002 1299.49999999999 1278.24999999999
-3.4e+38 -3.4e+38 -3.4e+38 -3.4e+38 -3.4e+38 -3.4e+38 1506 1423.74999999998 1415.99999999999 1383.49999999996 1582.49999999993 1644.74999999997 1742.24999999994 1607.49999999998 1229 1462.00000000009 1530.50000000004 1361.75000000002 1410.2500000001 1295.00000000005 1292.00000000007 1331.74999999998 1620.5 1491.00000000003 1452 1497.25000000002 1541.74999999998 1447.00000000003 1365.25000000002 1434.99999999999 1143.24999999987 1020.75000000006 1118.25000000001 1259.75000000002 1264.49999999993 1107.74999999991 1368.75 1222.5 1309.00000000003 1302.00000000001 1241.00000000001 1247.00000000001 1271.25000000001 1246.49999999995 1223.49999999999 1223.24999999995 1181.74999999998 1229.74999999999
-3.4e+38 -3.4e+38 -3.4e+38 -3.4e+38 -3.4e+38 -3.4e+38 -3.4e+38 -3.4e+38 -3.4e+38 1419.50000000009 1446.25000000012 1405.7500000001 1410.99999999999 1380.75000000003 1861.7500000001 1750.49999999991 1741.75000000015 1755.99999999999 2002.74999999994 1753.00000000028 1431.99999999993 1542.25000000014 1500.49999999992 1662.24999999966 1514.00000000007 1178.74999999979 1021.24999999973 934.499999999922 956.749999999864 901.249999999964 1037.5000000002 1377.50000000003 1271.99999999994 1455.49999999994 1358.50000000005 1341.00000000012 1396.24999999993 1401.75000000004 1379.99999999999 1373.50000000003 1346.74999999997 1329.49999999997 1283.99999999993 1181.24999999994 1221.25000000003 1277.00000000005 1228.25000000004 1217.74999999997
