inst/extdata/Alberta.asc
NCOLS 214 
NROWS 204 
XLLCORNER -120.35 
YLLCORNER 50.15 
CELLSIZE 0.05 
NODATA_value -3.4e+38 
[rows 0 to 20 of 204, columns 0 to 47 of 214]
-339999999999999996128486808808066248288.000000000000000 -3.4e+38 -3.4e+38 -3.4e+38 600.000000000003 573.25 568.000000000005 552.750000000001 509 470.250000000005 443.249999999999 418.750000000002 407.249999999999 419.999999999999 419.249999999998 423.250000000001 432.249999999999 442.999999999998 447.249999999998 443.249999999996 451.749999999995 451.999999999996 431.749999999993 440.249999999998 455.250000000001 455.750000000001 451.749999999999 425.999999999995 442.749999999994 452.499999999996 441.499999999994 423.249999999997 395.749999999999 384.749999999996 377.499999999994 388.999999999998 369.999999999998 362.999999999999 357.749999999998 345.250000000001 334.499999999998 326.999999999997 338.249999999999 346.999999999994 363.999999999993 359.999999999997 382.749999999995 377.249999999993
-3.4e+38 -3.4e+38 -3.4e+38 594.250000000001 570.25 559.749999999996 527 502.249999999997 486.249999999996 462.500000000001 433.249999999996 418 419.000000000001 427.5 429.75 441.000000000005 454.750000000002 458.5 480.249999999999 518.500000000005 532.750000000004 470.500000000003 475.750000000001 459.500000000001 451 450.75 455.750000000004 465.500000000004 472.000000000009 471.749999999998 487.500000000006 466.500000000005 448.250000000005 433.750000000004 431.250000000004 424.5 403.000000000002 395.000000000003 394.000000000003 384.000000000003 369 362.500000000003 382.750000000008 418.500000000002 446.500000000008 453.250000000012 510.250000000019 531.50000000002
-3.4e+38 -3.4e+38 650.75 610.25 574.50000000001 526.749999999995 505.25 491.25 466.75 442.000000000003 425.75 426 430.75 443 466.250000000006 461.500000000001 467 492.25 578.5 609.499999999991 612.499999999997 545.75 505.75 488 482.250000000003 488.250000000006 543.75 544.75 593.5 598.500000000001 601.500000000001 568.25 536.25 512.25 524.250000000001 459.249999999989 451.25 437.75 423.499999999991 453.000000000012 466.750000000008 521.25 548.5 592.999999999998 617 628.749999999999 609.25 609.75
-3.4e+38 637.000000000003 601.750000000002 588.250000000004 553.500000000007 521.749999999998 491.500000000001 465 450.75 433.750000000001 433.75 441.249999999999 440 474.500000000001 513.249999999994 532.999999999996 564.24999999999 640.999999999998 636 656.749999999995 656.499999999986 609.749999999999 595.499999999997 572.749999999994 575.249999999992 543.749999999982 601.249999999993 614.25 616 620.499999999999 622.250000000001 629.249999999999 626.499999999999 621.999999999998 611.000000000001 563.999999999995 593.499999999987 574.749999999989 587.499999999974 614.499999999995 609.000000000002 641.749999999999 636.499999999999 620.249999999997 632.749999999999 657 670.499999999996 681.249999999997
611 610.249999999999 579 534.249999999997 501.25 486.999999999995 471.249999999998 454.499999999999 445.750000000001 454.500000000002 455.750000000001 455.250000000002 458.500000000001 475.750000000001 509.499999999997 551.500000000005 597.749999999999 611.999999999998 616.499999999999 611.249999999997 620.499999999998 621.25 617.000000000001 616.250000000001 618.5 633.25 627.749999999999 615 617 620.749999999999 624.5 623.749999999999 612.249999999999 614.249999999999 623.000000000001 627.000000000005 648.749999999999 628.5 614.000000000001 618.749999999998 623.750000000001 631.749999999998 624.499999999998 618.499999999998 626.499999999996 668.500000000006 684.250000000006 781.000000000009
609.5 606.75 567.500000000001 510.750000000002 489.750000000005 469.249999999997 459 458.5 456.750000000001 465.249999999999 462.499999999999 466.499999999999 478.249999999999 499.249999999999 526.499999999997 543.750000000004 559.250000000004 546.250000000008 572.500000000003 596.750000000007 608.500000000001 615.250000000001 615.500000000001 620.75 619.5 620.75 614.5 616.25 612 612.500000000002 600.500000000003 594 594.25 609.25 612.500000000003 615.500000000002 627.750000000001 622.000000000001 610.750000000001 611.5 610.500000000001 608.750000000002 603 609.5 612.249999999995 717.000000000017 776.250000000001 774.000000000004
581.499999999998 575.749999999997 527.999999999997 487.499999999995 476.000000000002 461.749999999998 454.499999999998 456.75 457 458.999999999998 462.249999999999 466.749999999998 472.249999999998 483.749999999997 492.999999999996 493.999999999992 466.499999999993 488.999999999999 532.999999999997 567.749999999997 557.74999999999 576.249999999996 602.499999999998 612.5 610.75 600.249999999994 598.499999999991 598.749999999998 612.500000000001 614.75 614.500000000005 614.75 595.500000000002 585 594.249999999997 602.999999999999 606.749999999998 605.249999999998 594.749999999998 592.249999999998 597.500000000003 598.250000000001 600.25 602.499999999999 602.750000000001 629.750000000013 730.499999999996 742.499999999997
547.749999999998 519.5 520.75 487 452.250000000008 411.000000000002 422.25 429.75 358.25 366.249999999998 373.249999999994 386.75 408 447 445 439.000000000005 464.25 463 492.25 530.249999999996 539.750000000003 565.25 603.5 611 603.000000000003 599.24999999999 593.5 610.75 612.25 610.999999999997 614 602 594.25 573.75 574.5 577.750000000002 586.25 602 603.749999999997 625.25 626.5 622.25 618.25 608.000000000001 613.999999999999 625.250000000004 664.25 691.75
510.999999999999 490.750000000002 469.750000000001 449.75 416.500000000008 385.500000000001 371.749999999999 318.250000000002 363.75 406.749999999999 416.000000000003 425.000000000002 409.250000000001 418.5 440.749999999996 463.000000000003 484.250000000001 485.749999999998 483.249999999996 501.499999999998 519.750000000005 537.500000000006 590.250000000011 601.500000000004 582.500000000003 566.999999999999 563 569.000000000003 587.250000000001 581.249999999996 594.500000000002 578.000000000002 564.750000000002 566.25 586.499999999994 605.750000000001 613.75 630.499999999998 632.749999999991 653.749999999997 644.999999999997 632 620 610.5 610 612.500000000004 638.500000000003 638.250000000004
475.999999999998 480.999999999998 454.25 495.250000000005 380.500000000023 435.499999999978 427.749999999998 345.500000000007 346.750000000002 367 383.250000000005 402.250000000002 421.500000000002 435.500000000001 445.5 455.500000000002 469.999999999999 493.5 517.249999999998 521.000000000007 529.000000000008 563.250000000002 562.500000000006 544.499999999997 568.249999999999 561.749999999998 557.5 556.25 562.499999999998 565.249999999998 563.999999999998 556 557.5 566.499999999998 609.499999999998 611.999999999999 616 635.000000000004 765.750000000006 746.000000000005 727.499999999989 683.750000000006 656.750000000003 631.750000000005 616.000000000003 611 612.25 617
460.000000000001 458.500000000001 467.499999999995 568.250000000005 403.499999999929 422.999999999973 379.999999999998 386 388.999999999998 403.499999999996 419 436.749999999998 449.499999999998 453.499999999999 456.5 458 463.25 485.5 501.500000000002 511.5 527.000000000003 544.500000000001 563.000000000003 543.749999999999 560.000000000001 556.75 554.75 554 554 554 554 554 554 554 567.249999999998 594.750000000009 624.750000000001 670.000000000006 753.499999999991 772.750000000002 771.499999999995 734.999999999998 679.25 645.250000000004 624.250000000001 618.749999999997 614.499999999999 614
450.999999999999 459.500000000001 418.499999999975 408.000000000023 487.500000000005 461.999999999997 445.500000000003 403.500000000007 398.000000000001 424.250000000004 432.000000000007 446.250000000001 458 460 460 458.499999999999 463.5 478.249999999999 487 510.499999999997 526.000000000002 538.5 549.75 554 554 554 554 554 554 554 554 554 554 554 565.249999999997 575.25 589.749999999995 606.499999999997 656.749999999986 734.249999999987 727.749999999989 722.249999999994 675.75 657.000000000003 655.500000000001 649.749999999999 647.000000000003 641.250000000003
446.750000000002 445.500000000003 356.499999999992 456.500000000003 453.75 456 457.25 458 457.250000000001 459 458.499999999999 458.5 457.5 458 458 458 461.5 474 493.000000000001 512.499999999997 527.000000000002 536.75 547 554 555 555.750000000001 556.5 554 554 554 554 554 554 554 554 554 555.249999999999 570.249999999998 593.749999999992 617.999999999996 616.250000000004 650.499999999997 665.249999999999 671.25 692.749999999998 664.750000000004 707.250000000005 689.750000000003
352.249999999983 299.249999999999 466.500000000005 454.750000000002 454.749999999999 456 457 454.5 453.5 454.5 456 453.75 454.5 458 457 457 457.000000000001 473 495.5 508.499999999999 519.750000000002 531 542.5 554 555.75 561 566.499999999999 568.499999999998 567.999999999997 558.499999999999 553.749999999999 557.499999999998 554 554 554 554 554 555 565.249999999999 586.750000000001 605.250000000006 616.250000000002 641.500000000002 668.249999999998 711.499999999992 745 775.499999999999 692.750000000004
458.249999999998 477.749999999999 446.250000000001 451.75 457 457 455.5 454 454.5 456.5 457 457 456.75 457 458 459 460 478.5 490 504.999999999998 516.000000000002 526 536.5 546.999999999999 554 561.750000000001 575.75 597.500000000002 613.250000000003 696.999999999995 717.000000000009 687.750000000014 630.000000000015 593.250000000012 600.750000000009 571.75 555.750000000001 546.249999999999 534.249999999999 542.499999999992 608.000000000003 614.25 624.250000000001 637.499999999999 654.499999999991 663.999999999993 667 629.999999999995
457 457 456.75 456.75 457 457.25 458.749999999999 463.499999999998 476.499999999997 493.499999999994 484.749999999988 490.999999999994 519.249999999993 506.499999999994 571.749999999982 596.749999999987 560.749999999984 543.49999999999 506.249999999996 503.999999999998 513.000000000002 523 533 542.5 553.499999999999 564.500000000004 592.249999999999 614.999999999998 658.249999999999 720.249999999997 771.25000000001 767.250000000001 749.499999999998 701.999999999981 641.750000000008 593.499999999994 563.999999999999 548.75 527.000000000003 512.000000000001 607.250000000014 601.250000000002 610.25 614.749999999999 625.750000000004 614 616.499999999999 616.5
457 457 457 457 462.75 477.500000000009 482.250000000013 475.250000000001 491.750000000002 511.499999999996 567.250000000013 595.250000000005 604.750000000004 638.750000000005 725.500000000003 704.999999999978 626.500000000011 619.25000000001 562.250000000005 531.750000000007 517.25 524.25 534.5 546.5 554 556.750000000004 596.999999999998 626.249999999999 660.000000000001 695.749999999995 733.000000000004 762.500000000001 766.249999999999 774.249999999999 675.250000000014 627.250000000011 595.750000000004 567.000000000002 528.750000000005 502.500000000003 531.000000000016 607.5 625.75 670.500000000004 619.000000000003 619.500000000003 612.999999999997 587.24999999999
457.499999999999 455.75 456.75 457.5 464.499999999999 476.250000000003 515.250000000013 515.500000000002 523.000000000003 552.749999999995 604.500000000009 621.500000000003 638.500000000009 685.000000000009 750.999999999994 769.750000000008 766.75 663.75 587.75 562.750000000004 547.499999999999 531.000000000001 538.5 552.5 561.25 559.500000000003 582.5 622.5 635.25 651.749999999996 680.500000000006 748.000000000011 762 761.000000000003 754.74999999999 775.749999999996 669.000000000005 589.75 526.500000000006 491.750000000002 505.25000000001 573.999999999995 597.999999999999 621.500000000002 570.749999999997 529.749999999989 499.749999999992 496.749999999994
457 454.249999999999 457.5 457.25 465.999999999998 476.250000000002 502.25 527.999999999999 544.749999999999 558.749999999997 566.750000000009 627.500000000001 691.000000000002 761.500000000002 780.749999999999 771.500000000008 736.50000000001 647.250000000012 611.750000000001 566.250000000007 550.75 542.749999999999 545.999999999999 564.249999999999 573.999999999999 577.750000000002 609.749999999999 614.5 625.5 651.749999999996 673.000000000003 673.750000000002 684.750000000007 702.749999999999 732.499999999997 748.500000000002 682.249999999998 626.499999999997 578.000000000004 504.50000000001 483.750000000004 518.000000000003 518.750000000008 479.000000000009 514.750000000019 476.750000000001 457.500000000001 428
458.25 450.5 446.25 453 464.499999999996 478.5 495.999999999998 527.499999999998 541.749999999999 560.999999999996 569.500000000003 598.249999999998 640.999999999996 692.249999999993 741.499999999985 675.249999999994 653.500000000001 624.749999999999 589.249999999997 554.000000000005 537.25 547.249999999999 554 569.5 579.749999999999 595.250000000002 595.250000000001 603.249999999999 611.249999999999 619.499999999996 620.999999999997 635.5 655.249999999999 687.999999999996 738.99999999999 722.24999999999 661.249999999993 650.749999999998 616.500000000009 521.250000000013 468.749999999997 475.749999999997 464.999999999999 460.999999999997 454.749999999998 445.749999999997 431.499999999998 419.499999999998
461.999999999998 454.249999999999 444.5 445.000000000001 453.499999999999 460.25 462.5 473.75 497.750000000001 529.249999999998 563.750000000007 586.25 612.250000000001 632 649.499999999999 657.000000000003 628.750000000005 601.000000000004 550.500000000001 513.000000000003 516.500000000003 534 552 571.25 602.749999999991 610.5 618.249999999999 627.499999999998 625.499999999997 626.499999999996 630.249999999998 638.999999999997 642.749999999997 635.75 646.999999999999 648.750000000003 627.250000000003 604.000000000006 463.250000000005 462.000000000006 454.5 442.25 435.250000000002 429.750000000002 429.750000000004 420.500000000002 405.000000000001 381.750000000001
